Cecropia4.pgm 1280 1040 8 63600 8822 10295 5308 9096 1748 5281 7408 16618 6355 3017 7079 3048 1224 3146 15941 16151 3329 2450 3308 6238 1235 6350 18018 7091 1637 805 1756 1505 867 1688 11350 9580 2522 2894 1588 2692 799 1685 1718 6549 15023 3796 25544 1549 1764 2619 15909 2952 836 732 647 1564 640 1188 2217 1628 1680 615 2139 893 1386 1169 7706 10228 2647 5276 1890 2779 649 2025 1363 2809 3171 1133 2417 715 640 643 1883 2871 720 1033 597 3367 581 2272 1935 839 614 423 852 588 714 810 2998 5557 1551 2057 1470 1655 622 1171 1432 6667 21288 2548 22846 1234 2230 1445 9494 3170 730 644 810 2443 786 1433 2628 1760 2152 844 3804 1285 2587 2085 13684 8810 2359 2354 1469 2290 811 1471 1697 3417 1491 750 1333 803 646 704 2194 6486 1331 2695 2028 15503 1785 20620 15581 1671 889 588 1308 1652 1439 1947 7594 1845 841 689 610 816 617 614 1041 1301 1837 607 2421 607 1126 824 3995 1347 667 572 853 1831 1159 2247 3762 1003 1365 718 2749 1446 2913 2469 14811 5663 1600 2006 1094 1631 627 1451 1389 3336 2213 733 1416 702 776 799 2613 7538 1283 2162 1481 26606 2407 23511 9862 1848 1271 860 2147 2221 2620 3647 13834 8476 1778 1479 1489 1700 1150 1389 2694 18892 16493 1989 10469 2231 3827 2702 15846 17455 2398 1962 2661 16997 4022 9975 15728 14229 8340 3197 14513 8194 15093 14045 216804
Cecropia5.pgm 1280 1040 8 62435 8896 10662 4979 8848 1925 4884 7170 15262 6170 2889 6768 2639 1307 2831 16256 15113 3550 2605 3533 5551 1200 5309 18822 6360 1733 880 1840 1385 915 1442 12378 9379 2474 3434 1686 2774 910 1800 1578 5910 16279 4545 32741 1490 1863 2603 17979 2503 797 764 704 1399 652 1109 2064 1412 1545 652 2361 835 1300 1182 7991 10588 2693 5806 1999 2912 753 2097 1295 2796 3218 1156 2546 798 712 634 1980 2602 737 1067 580 3836 620 2250 1842 902 593 500 873 625 778 864 3184 5224 1415 2024 1432 1694 676 1078 1275 5854 21281 2600 25509 1154 2167 1352 9625 2792 660 677 791 2499 806 1306 2512 1587 2026 855 4275 1232 2629 2097 14628 8930 2522 2439 1495 2274 907 1275 1602 3686 1439 679 1150 779 695 653 2083 5745 1324 2679 2071 15923 1798 20066 15518 1758 927 662 1136 1483 1364 1856 7214 1879 908 720 648 863 708 654 1162 1228 1885 664 2530 690 1321 792 4084 1221 731 616 853 1748 1356 2012 3716 914 1454 806 2866 1320 2994 2494 15292 5124 1571 1998 1020 1473 660 1314 1311 3556 2153 661 1374 662 901 802 2551 6555 1129 2274 1223 31183 2393 24481 8869 1829 1183 870 2144 2281 2776 3728 13666 7004 1643 1356 1320 1595 1115 1258 2489 18735 16226 2025 9800 2106 3874 2460 15036 15326 1995 1806 2495 17054 3917 9076 14315 12826 7591 3114 14632 7434 15001 13646 218498
Combretum4.pgm 1280 1040 8 63398 8698 10390 5143 9419 1779 5018 6949 14001 6297 3510 8817 3241 1403 4071 20301 14071 3220 2879 3441 5967 1309 5740 21116 5114 1794 987 2057 1682 983 1974 19336 8868 1979 3078 1599 3275 669 1894 1663 5519 12250 4295 32695 1839 1545 3616 27322 3270 617 616 568 1893 523 1057 1958 1685 1305 547 2161 1049 1078 1287 10329 10074 2413 4438 1804 3025 569 1975 1292 2908 2806 1015 2194 716 599 611 1909 3304 582 964 614 4119 471 2202 1740 957 540 347 694 554 622 689 2882 4513 1184 1864 1192 1742 463 1219 1151 5276 17683 2051 23375 1109 1596 1475 11541 3628 530 515 626 3360 567 1513 2094 1895 1568 566 3013 1244 1820 1608 12080 8511 2569 2436 1717 2159 777 1378 1744 3365 1710 607 1260 685 579 609 2095 6273 1716 2717 2604 13827 1779 21422 25164 1748 1119 549 1276 1335 1282 1771 10946 1531 685 498 535 662 427 410 770 1111 1676 413 2283 494 923 619 3551 1206 526 510 610 1569 954 1787 3443 895 1159 569 2244 1045 2060 1866 13678 5137 1629 1824 1166 1633 528 1376 1211 3289 2489 572 1496 605 640 601 2422 8232 1288 2225 1458 33496 2399 27195 12980 2025 1324 698 1891 2126 2296 3517 13491 5779 1617 1173 1206 1534 741 1190 1933 16499 18659 1522 10786 1719 2979 2021 13674 17155 1770 1765 2254 24763 3452 11976 14313 15086 7990 2227 11597 8631 12323 11912 194777
Combretum5.pgm 1280 1040 8 63140 7757 10254 5174 10544 1511 5656 7305 14057 6651 4199 9849 3579 1247 4427 20114 14262 2948 2469 3169 6490 1244 6581 20923 4929 1952 1011 2313 1779 950 1960 19462 10075 1846 3413 1597 3383 500 2174 1603 6192 12921 5130 32952 1963 1588 4043 28144 3333 576 554 440 1931 369 1010 1752 1726 1294 485 2065 964 945 1162 12139 10227 2058 4320 1994 3092 406 2076 1300 2558 2281 951 2312 525 347 540 1738 3822 552 975 497 4582 374 2397 1733 1077 456 238 534 507 411 500 2277 5164 1237 2044 1259 1860 322 1354 1131 5549 17543 2416 24203 1005 1384 1385 12613 3881 459 528 520 3802 431 1397 1727 1888 1555 467 2481 1163 1401 1338 11005 7796 2149 1947 1484 1895 513 1282 1616 3075 1707 537 1419 525 443 550 2136 6479 1715 2343 2588 14611 1887 21235 28945 1967 1245 449 1389 1206 1106 1711 14158 1238 508 344 352 473 315 341 557 993 1581 360 2327 359 667 450 3431 1100 385 356 440 1499 651 1572 3038 919 1011 336 1799 918 1847 1378 13914 5015 1543 1961 1224 1512 372 1300 1152 3094 2465 530 1484 422 462 538 1869 9313 1338 2224 1483 34212 2534 28217 16622 2213 1360 499 1449 1946 1899 2936 13403 5354 1437 1210 1062 1466 564 1112 1407 15516 21787 1587 13189 1558 2620 1651 13406 16708 1873 1550 1796 26082 3386 13398 14150 15266 9809 1698 10462 9417 11713 10183 181645
Combretum1.pgm 1280 1040 8 55608 9204 10055 6238 7889 1996 6006 10806 11589 6637 2705 7541 2362 1462 2632 22925 11675 2470 3362 3204 6381 1533 9683 23637 4324 1694 944 2110 1804 1169 2290 26447 7373 2050 1971 1612 1859 549 1425 1970 6225 14788 2487 22800 1335 1972 2193 28215 2070 462 466 473 1309 435 1229 2175 1802 1295 457 1821 960 1111 1363 15157 9559 2853 3961 1959 1850 379 1776 1166 3469 3815 997 2505 451 385 489 1827 2146 460 975 495 2243 344 2506 1779 894 516 271 576 453 409 577 2851 5092 1557 1611 1243 1316 317 1088 1019 8604 30943 2368 28738 1184 2065 1450 14844 2135 353 429 451 2111 369 1388 1731 1983 1875 540 2774 1227 1690 1594 13400 9198 2657 2765 1695 2096 545 1572 1659 2385 1548 478 1066 471 366 436 1686 6216 1586 4054 3233 14891 1622 35297 32710 1481 879 460 1250 1083 908 2008 13920 1459 420 352 320 498 221 377 587 1291 1413 356 1332 354 611 389 2702 1174 335 301 355 1532 609 1964 3288 1065 924 357 1323 923 1528 1541 12664 5575 1689 1799 1205 1316 340 1166 949 3213 3133 514 1496 394 389 407 1650 6016 913 2342 1405 21233 1428 30225 13425 1838 1070 561 1453 1557 1346 3021 11901 7592 1359 1025 919 1500 467 949 1377 19783 26512 1528 11380 1733 2843 1610 11935 18579 1276 1298 1353 24352 2530 13324 12069 21113 9374 1904 9233 10801 10318 11085 173472
Cecropia2.pgm 1280 1040 8 43137 7002 8914 6968 7880 1903 7192 11734 9108 6952 2401 10386 1629 1307 2011 22876 9028 1280 2223 1573 7742 1278 10724 21110 2989 1132 792 1666 1599 1061 2081 21875 7739 2453 1775 1518 1590 694 1184 1387 7494 20003 2176 28991 1007 1659 1416 20236 1512 555 477 462 1051 581 1005 1419 1580 1258 518 1934 829 1120 1031 8631 8879 1831 2818 1663 1814 558 1631 1149 2205 2213 932 2506 474 500 553 1626 2387 509 880 550 2135 550 2531 1705 734 470 446 799 510 615 822 3016 7230 1618 1605 1249 1192 573 988 959 11024 34234 2428 33885 1002 2102 1260 9956 1916 473 557 548 1466 631 1226 1702 2086 2082 798 4145 1045 2099 1875 12137 7260 1501 1791 1311 2604 698 1597 1542 1323 987 531 1065 522 528 461 1569 6897 972 2100 1447 21008 1799 33514 21583 1055 682 537 1083 1289 1147 2098 9337 1898 662 531 483 723 508 531 834 1313 1804 495 2067 526 1141 638 3139 1344 523 485 600 1838 1052 1991 3198 991 1114 614 2049 1109 2488 2254 12599 6898 1243 1635 1054 1546 492 1234 956 1551 1466 582 1449 462 593 603 1709 10544 1073 2567 1467 29314 1932 34266 11061 1575 1133 835 2012 1914 2049 4420 12970 12390 1577 1122 1023 1452 828 1032 1616 20882 21832 1646 10564 1436 3199 1660 10850 23058 1559 1695 1791 20266 3095 10260 10749 23373 9505 2981 12862 8696 12649 12806 191185
Cecropia3.pgm 1280 1040 8 50023 7678 10406 6530 8560 1774 6796 9601 12008 6479 2686 8634 2111 1201 2579 19728 11736 1983 2216 2248 6895 1302 8589 23058 4927 1424 705 1791 1445 974 1663 17896 8589 2106 2299 1482 2233 777 1569 1423 6925 16813 3082 29616 1299 1649 2229 18844 2058 586 550 504 1333 572 981 1741 1434 1329 522 1922 814 1210 1083 8448 10353 2307 4290 1925 2223 574 2135 1108 2378 2843 947 2387 572 518 578 1588 2607 579 918 529 3003 518 2539 1763 688 557 374 755 512 701 773 2955 6711 1479 2019 1218 1599 547 1107 1064 8620 29791 2557 28485 998 2078 1310 9166 2549 538 552 660 2146 727 1320 2080 1707 2075 748 3793 1143 2357 1773 12771 7498 1780 2226 1560 2248 727 1460 1434 1901 1261 605 1101 552 563 538 1674 6389 1173 2691 1961 17530 1870 30349 20600 1509 816 530 1202 1263 1271 1913 9023 1713 721 636 522 711 592 579 940 1251 1827 569 2146 577 1145 756 3448 1185 561 537 679 1726 1131 2095 3513 959 1284 702 2356 1146 2726 2361 14104 6717 1509 1873 1119 1417 524 1193 1082 2248 1884 514 1303 536 621 663 2060 8932 1140 2408 1345 30565 2204 29274 10108 1828 1211 786 1973 1866 2279 3971 13166 9744 1448 1171 1112 1451 905 1106 1939 22487 20313 1754 10003 1659 3560 1991 12256 19394 1724 1575 1978 19071 3521 9449 12084 18558 8718 2878 13029 8457 14032 12815 201794
Combretum2.pgm 1280 1040 8 41448 7876 8236 7072 7078 1996 7134 14089 9160 6687 2112 9519 1153 1428 1804 26391 8849 1675 2735 2440 6766 1523 11108 29907 3184 1493 737 2226 1133 1151 2045 33523 6206 1863 1423 1403 1372 432 1279 1630 6240 15527 2006 30384 996 1601 1699 32823 1130 271 301 267 1022 290 1043 1347 1160 905 358 1570 610 763 1022 13859 7685 1675 2131 1381 1414 260 1251 894 2830 2572 710 2462 299 267 354 1450 1957 342 709 408 2046 256 2507 1579 701 369 254 563 377 302 544 2574 6358 1400 1245 984 1239 239 927 714 10566 31491 2198 34273 973 1420 1389 14012 1683 228 330 288 1607 262 1348 1022 1843 1402 524 2752 1139 1110 1595 10739 7898 1688 1781 1386 2298 436 1658 1515 1636 1027 299 907 318 285 261 1265 7033 1084 2676 2115 16903 1565 32597 33954 1517 698 442 1070 924 753 1621 13063 1821 390 246 232 424 235 240 431 1363 1327 223 1195 234 513 251 2161 1292 267 256 282 1580 499 1480 2322 1007 710 305 1090 712 1044 1138 9262 6771 1357 1337 978 1536 261 999 664 2518 2157 363 1296 280 284 318 1037 9248 867 2338 1214 29492 1389 35665 13339 2130 1072 551 1441 1537 1144 3194 10852 13746 1371 802 641 1647 384 753 961 29226 32427 1399 11831 1291 2129 1082 8008 25580 1084 1364 1012 31467 2049 14481 8527 33443 10668 2193 8892 13108 8402 10673 154186
Cecropia1.pgm 1280 1040 8 44882 7083 9124 6406 8087 1694 7076 10608 9706 6532 2516 9999 1882 1239 2256 23562 9744 1305 2183 1474 7791 1214 9510 17857 3410 1083 726 1503 1741 944 2000 19225 7784 2397 1903 1472 1660 720 1304 1331 7321 21029 2462 31023 1038 1792 1683 18917 1864 518 529 503 1083 559 961 1354 1599 1305 502 1876 797 1145 1079 7731 9217 1861 3283 1756 1890 571 1699 1133 2216 2171 987 2638 498 521 570 1630 2552 500 971 530 2510 515 2546 1577 749 506 456 788 532 642 862 2894 6912 1573 1765 1255 1250 548 1015 937 9753 32557 2369 33853 913 1943 1217 9208 2153 473 571 633 1652 610 1274 1827 1956 1962 786 4164 1074 2192 1922 12044 7726 1738 1913 1317 3077 840 1652 1567 1327 1043 544 993 586 572 487 1528 6973 1073 2393 1590 23110 1888 31949 19601 1037 742 484 1116 1323 1164 2170 8913 1828 778 538 540 782 607 511 881 1171 1831 497 2069 565 1164 615 3312 1390 592 591 635 1984 1269 2159 3341 918 1171 647 2239 1209 2572 2234 13073 6756 1283 1792 1136 1719 605 1309 1023 1607 1549 579 1353 488 681 643 1933 9912 1081 2746 1450 31631 2201 36176 10847 1580 1176 804 1950 2187 2330 5124 13455 10759 1488 1088 1026 1489 909 995 1705 17429 19572 1592 9894 1435 3274 1766 11033 23772 1590 1899 1973 19171 3352 10520 11612 20673 8614 2963 12594 8383 12884 13985 196135
Combretum3.pgm 1280 1040 8 57748 8623 9733 5378 8347 1615 5142 8099 12768 5989 2943 8305 2537 1298 3286 22781 12803 3126 2918 3640 5642 1231 6074 26311 4897 1939 984 2219 1529 941 2006 24442 7870 1870 2771 1386 2649 483 1861 1440 5321 12240 3943 35024 1773 1438 3602 32190 2617 475 550 505 1761 399 1161 1694 1506 1093 475 1838 997 890 1277 11307 9495 2243 4216 1832 2604 477 1865 1099 3045 2760 988 2346 561 457 527 1693 2650 531 834 452 3724 391 2196 1551 890 462 298 537 465 475 545 2511 4850 1142 1661 1062 1810 354 1210 918 5703 20032 2165 27281 1159 1404 1415 11918 3041 401 516 453 3347 431 1372 1618 2000 1310 493 2688 1296 1423 1520 10994 8758 2599 2176 1675 1939 666 1225 1559 3192 1582 473 1057 509 451 435 1728 5902 1622 2776 2736 14088 1657 23480 29719 1844 1076 428 1231 1054 1041 1438 10879 1469 582 415 411 504 381 365 642 1091 1394 340 1984 385 756 414 3196 1220 430 446 489 1408 752 1478 2890 843 986 452 1834 873 1674 1454 12176 5243 1656 1727 1069 1329 416 1126 956 3646 2693 475 1342 493 559 570 1718 7748 1013 2386 1322 34789 1991 30898 12696 2178 1184 544 1424 1923 1815 3060 12146 6828 1463 1081 983 1440 663 1018 1453 22664 24199 1279 10838 1632 2635 1644 11967 20569 1638 1577 1789 29961 3000 12619 12298 21183 8380 2067 10222 9572 10797 10710 180124
Croton4.pgm 1280 1040 8 69724 8600 10879 5951 11937 1902 7968 6339 15726 5472 3686 6641 3070 1250 3689 11118 15716 3772 3647 3377 7917 1504 6825 12004 5854 2521 1320 2713 1905 990 2310 11758 10015 1754 3043 1538 3586 588 3188 1708 6528 8603 4260 21829 2591 1392 4944 20809 3021 572 785 503 2461 478 1391 1649 1939 1164 651 1704 1155 950 1464 9067 10853 2193 3825 2430 3381 575 2828 1875 3581 2107 1118 2375 839 459 684 1733 3637 731 1174 697 4662 623 3652 2677 1363 603 402 610 707 608 824 2527 6702 1217 2553 1467 2760 425 2016 1246 6262 11622 3118 19122 1533 1341 1962 9392 2926 533 626 541 4437 669 2027 1943 2287 1567 617 2287 1608 1794 1676 9528 9697 2360 2243 1863 2832 755 1706 1679 4015 1974 749 1401 709 512 695 1926 6532 2058 2375 2977 11898 2406 14443 22192 2497 1415 701 1612 1392 1438 2198 14295 1713 579 520 400 702 377 479 655 1198 1702 494 2878 439 918 648 4361 1264 461 555 570 1818 1178 1975 3523 898 1212 517 2414 951 3172 1993 21863 6848 1988 2575 1978 2063 511 1928 1506 3572 2972 704 1813 668 566 682 2000 7220 1392 2871 1960 25843 4055 25773 19005 2491 1400 754 1743 2275 2812 4015 17726 6251 1452 1837 1208 1865 561 1439 1599 11839 17428 2438 13035 1664 2602 1991 10704 9810 1706 1828 1898 22171 4977 13012 13698 11145 9200 1990 11517 9830 19672 12317 204627
Croton5.pgm 1280 1040 8 64105 6822 11682 6155 12652 1920 9466 7646 13725 6154 4414 9020 3005 1299 4009 14218 13590 2243 2668 2081 7923 1523 7025 12083 4675 2549 1015 2473 1776 1068 2230 13907 11108 1796 3280 1610 3610 510 3148 1544 7315 9357 4689 23475 2390 1309 4822 22676 2787 417 610 422 2232 417 1239 1326 1817 1221 594 1654 1118 1012 1478 9545 11258 1761 3663 2305 3425 521 2761 1751 2538 1690 1020 2436 644 375 643 1725 4364 605 1007 677 4914 625 3480 2696 991 542 369 627 577 538 712 2511 7970 1303 2540 1463 2841 397 1922 1114 7122 13360 3263 20489 1389 1253 1791 9739 3638 516 558 502 4680 633 1899 1750 2165 1726 643 2193 1559 1683 1590 9086 7539 1555 1836 1610 2579 657 1689 1656 2391 1698 746 1710 583 404 627 2131 7095 1669 1921 2186 11591 2244 13994 21204 2606 1802 603 1935 1393 1485 2124 16850 1532 475 464 385 623 328 509 612 1181 1762 559 3063 431 730 596 4222 1157 411 488 456 1640 890 1706 2876 1065 1243 473 2155 981 2697 1882 20726 6756 1727 2424 2013 2090 494 1644 1384 2142 2176 662 2151 497 478 573 1857 9368 1684 2669 2187 25274 3732 24044 18963 2518 1785 737 2044 2110 2542 3619 16449 7474 1512 1694 1223 1680 576 1279 1423 12684 20050 2336 15432 1349 2519 1804 11041 13236 1933 1715 1675 23669 4564 12107 12920 14529 14100 1985 12325 10422 19838 11095 196974
Croton1.pgm 1280 1040 8 70957 9895 12116 7115 11035 2052 8266 6825 14336 6802 3016 7184 2310 1297 2578 10696 15253 3915 4209 3876 7989 1589 8448 13612 4254 2327 1101 2643 1554 1008 2032 12079 8556 2089 3032 1757 2664 645 2558 1565 6394 11757 3404 23646 1818 1763 3458 19880 2088 573 819 647 2009 589 1652 1822 1435 1209 604 2003 1124 1316 1661 10887 11365 2483 4283 2538 2993 639 3001 1724 3973 2407 1212 2405 808 601 730 1603 2978 645 1293 667 3724 656 3757 2281 1010 555 463 744 684 701 908 2511 6477 1399 2695 1505 2275 490 2006 1150 7384 15429 3127 21433 1706 1691 2016 9711 1902 447 669 635 3128 756 2008 2148 1608 1406 671 2633 1754 2011 2006 10570 11474 2697 2669 1737 3340 857 2027 1659 3975 1822 682 1158 734 600 643 1786 7899 2078 2999 2939 15643 2613 17898 21671 2227 1131 630 1416 1533 1521 2238 12621 1711 663 614 470 768 554 597 766 1223 1815 516 2392 544 1147 768 4043 1252 586 653 715 2202 1362 2260 3619 899 1391 678 2384 1232 3813 2357 20672 7620 1725 2764 1633 2291 636 2048 1406 3886 2529 733 1506 746 678 793 1950 7331 1096 2845 1639 26026 3356 27221 15508 2340 1203 869 1741 2443 2780 4388 15703 6053 1323 1502 1092 1568 727 1337 1622 12674 16602 1791 10329 1682 2996 1973 10487 9520 1375 1722 1795 20266 4265 12778 13298 10867 7708 2047 10455 10700 18632 12828 196553
Croton2.pgm 1280 1040 8 66185 10120 10788 7298 10848 1979 8585 8009 13593 7158 3015 8854 2301 1327 2733 14931 14557 3910 4059 4356 8492 1473 9838 15402 3489 2033 1033 2777 1506 953 2100 14641 8443 1900 2601 1608 2914 639 2852 1662 6602 9750 3349 25980 2056 1495 3858 23837 2138 576 697 565 2265 548 1877 1712 1414 952 554 1825 1274 981 1811 10476 10275 2041 3141 1979 3068 653 2318 1473 3816 2162 1028 2014 673 569 656 1480 3069 608 1053 655 4053 641 3231 2341 965 515 518 731 675 698 876 2514 6885 1268 2121 1285 2575 464 1984 1151 8448 13429 2762 19417 1839 1479 2062 9785 2325 453 652 605 3560 664 2121 1931 1857 1248 693 2479 1795 1847 2148 10336 11485 2711 2328 1635 3024 895 1729 1705 3894 2046 659 1289 656 583 592 1991 8301 2321 2636 3026 13117 2228 14692 21728 2029 1192 627 1405 1300 1368 1903 12703 1723 597 588 501 811 526 570 733 1297 1530 516 2900 484 984 712 4233 1479 563 639 706 2024 1148 2127 3362 902 1043 616 2412 1081 2663 2215 17273 7720 1626 2133 1456 2155 653 1758 1313 4377 2757 625 1401 682 671 763 1902 9432 1309 2550 1593 28646 3755 24202 16221 2594 1306 845 1878 2408 2833 4171 16096 7345 1324 1433 1133 1852 757 1365 1566 14662 17261 1804 11515 1651 2661 1943 10591 13440 1690 1762 1834 24261 4722 12632 13083 13784 8709 2070 11372 10605 15587 12591 191261
Croton3.pgm 1280 1040 8 75782 8847 10406 5666 14012 2046 7942 7116 16928 5828 4049 7284 3945 1391 4554 13972 16721 3861 3457 3450 8194 1575 6681 12995 5826 2365 1404 2702 2093 1000 2588 12476 11772 1878 3388 1697 4646 594 3541 1890 6780 7399 4678 21695 2713 1271 5328 21640 3614 654 816 569 2629 500 1439 1646 2010 1114 636 1623 1114 868 1379 8161 10410 1898 3088 2117 3477 584 2519 1866 3288 1715 986 1930 830 497 739 1728 4106 807 1061 740 5248 816 3254 3182 1409 583 439 646 685 595 803 2550 6532 1254 2242 1352 2978 461 1977 1287 5586 9566 2907 16261 1439 1200 1883 8532 3667 616 612 530 5228 825 1830 2135 2517 1597 632 2061 1490 1604 1632 8795 9695 2425 2083 1588 2911 770 1712 1811 4013 2311 861 1559 780 527 772 2335 6685 2369 1977 2937 10346 2263 11674 21646 2460 1493 717 1746 1327 1296 2246 15164 1786 560 546 435 705 446 536 678 1239 1550 633 3369 481 819 780 4611 1337 521 525 614 1609 1021 1701 3132 946 1081 527 2401 933 2403 1896 18560 6353 1607 2169 1825 2151 546 1743 1573 3523 2793 769 1721 747 585 709 2151 8335 1676 2312 1925 26478 4686 22105 20557 2718 1597 780 1941 2146 2930 3591 18457 6606 1489 1865 1308 1983 667 1576 1632 11501 16547 2792 14214 1622 2312 2237 11351 12688 2075 1825 1984 23804 5748 11545 14451 11703 9862 1990 11895 8591 17187 10720 194053
Apuleia4.pgm 1280 1040 8 59797 9970 11187 7250 7274 1669 6350 8955 13980 7283 2655 8019 2414 1335 2567 16484 13555 2960 3614 3536 6527 1250 8483 16579 5610 2135 894 2471 2025 1136 2232 18447 7763 2260 2200 1531 2297 555 2052 1718 7199 13586 2674 21973 1894 1839 3162 25848 2303 478 607 471 1912 444 1393 1664 1980 1511 512 2048 1263 1235 1544 12091 11380 2661 4734 2263 2068 436 2126 1341 3634 3586 1061 2880 613 511 573 1965 2495 532 987 536 2516 339 2450 1518 1016 501 308 595 441 444 594 2263 6577 1606 2275 1469 1926 446 1585 1183 8662 23265 2674 27311 1415 2032 1695 14511 2435 429 559 506 3031 416 1706 1655 2235 1926 615 3443 1487 1852 1620 12255 9612 2971 2489 2104 1807 485 1409 1446 2870 2053 534 1193 492 420 387 1506 6902 2009 3237 3542 12417 1538 22389 23457 2122 1120 461 1359 1281 1127 1669 10128 1589 545 421 409 487 349 366 609 1261 1812 379 1856 378 852 489 3230 1180 426 425 511 1690 784 1906 3190 1052 1291 449 1873 1226 2466 1794 15175 7176 2080 2189 1364 1365 364 1369 1083 3367 3639 567 1498 491 534 462 1714 7341 1063 2700 1496 21152 1677 25207 11710 2316 1295 562 1482 1881 1865 2849 10120 8871 1541 1369 1149 1395 585 1108 1551 15949 24200 1709 13111 1553 3374 1628 15015 15179 1475 1717 1706 24232 2938 13249 13860 18710 10657 2147 11432 11399 15170 11052 193730
Apuleia5.pgm 1280 1040 8 57715 8535 10452 6716 8978 1688 7262 9855 13098 7098 3268 9792 2742 1309 3482 19053 13192 2299 2713 2492 7201 1321 8355 16492 5009 1864 961 2408 1899 1138 2363 19358 9143 2300 2303 1575 2603 558 1895 1564 7535 14330 3153 22941 1894 1847 3214 25065 2792 465 572 445 1802 403 1075 1521 1940 1393 512 2081 1118 1168 1320 11273 10483 2196 4220 1939 2186 435 1926 1318 2806 2786 1042 2735 564 399 600 1892 3167 554 998 537 3036 400 2524 1547 888 467 328 671 500 436 632 2412 6962 1735 2094 1484 1839 413 1300 1132 8628 22882 2765 27514 1183 1966 1519 13849 3385 432 508 499 3074 484 1454 1629 2134 2014 604 3522 1291 1856 1542 11798 8337 2480 2099 1780 2020 565 1529 1617 2273 1841 539 1317 452 402 419 1623 6833 1712 2629 2671 12954 1754 22354 24455 1812 1043 467 1545 1312 1077 1893 11360 1675 597 436 395 531 333 376 585 1325 1932 425 1975 423 848 482 3291 1255 408 416 460 1637 853 1862 3036 1077 1208 406 1876 1190 2459 1819 14561 6561 1910 2053 1404 1406 388 1350 1197 2556 2869 550 1641 399 489 467 1779 8979 1395 2710 1696 22262 1866 26008 12982 2307 1432 620 1783 1823 1753 3140 11155 9514 1745 1394 1116 1378 592 1016 1476 15964 24374 1791 13776 1446 3107 1592 14052 18184 1618 1711 1706 24178 2951 12436 13569 19888 11251 2294 11925 10223 14223 10749 189056
Apuleia1.pgm 1280 1040 8 63823 9325 11469 6471 8830 1657 6761 7794 15790 6648 3236 7064 3521 1343 3794 14825 15181 3049 3059 3305 6389 1238 6880 14306 6556 2101 1087 2266 2089 1056 2201 15414 9226 2129 2793 1463 3057 573 2089 1528 6494 12339 3459 21421 2053 1801 3791 23502 3275 538 644 488 1753 420 1144 1573 2007 1525 490 1991 996 1286 1186 10098 11450 2810 5223 2381 2472 485 2290 1373 3033 3579 1067 3011 614 430 552 1888 2969 637 987 498 3233 450 2649 1744 1044 455 287 525 499 447 589 2292 6685 1498 2341 1501 2075 436 1260 1109 6677 22403 2848 25805 1170 2177 1423 12456 3561 463 519 537 3415 522 1408 1823 2156 2064 574 3493 1235 2046 1360 11968 9119 2999 2568 2065 2021 540 1481 1617 3107 1901 605 1207 525 397 535 1622 6416 1995 3325 3564 12637 1760 23300 23510 2079 1038 463 1289 1510 1235 2101 10124 1639 568 425 404 511 368 422 642 1254 1809 431 2052 442 935 550 3400 1158 383 432 507 1863 872 2135 3514 1033 1278 496 1917 1255 2801 2071 16222 6538 2085 2199 1402 1418 398 1504 1148 3410 3757 576 1489 448 486 506 1835 6986 1083 2765 1540 22199 2073 26901 12547 2144 1226 571 1491 1999 1918 3429 11565 7752 1563 1454 1169 1520 656 1126 1627 13692 22815 1841 12211 1526 3523 1856 14234 14168 1554 1800 1799 23205 3338 12530 13955 16149 9962 2298 11781 9862 15883 11622 199382
Apuleia2.pgm 1280 1040 8 61352 10045 11312 6914 7956 1693 6551 8467 14733 6720 2817 7081 2877 1248 3316 16730 14589 3228 3433 3775 6401 1240 7708 16942 6316 2165 979 2407 2042 1104 2092 18061 8049 1946 2406 1381 2727 597 2125 1479 6552 10556 2978 20408 1984 1640 3394 25120 2729 531 628 490 1992 474 1261 1651 2150 1356 521 1916 1129 1245 1321 10884 11323 2724 4614 2277 2267 514 2153 1473 3483 3650 1001 2737 635 488 567 1888 2591 560 1020 541 2856 409 2439 1667 909 511 344 582 514 496 566 2415 6566 1414 2189 1330 2082 422 1454 1187 7727 21778 2623 23646 1330 1955 1580 12456 3074 446 536 538 3364 515 1475 1765 2204 1826 595 3146 1348 1982 1575 11861 9986 3324 2598 2092 1864 608 1342 1485 3245 2037 577 1165 537 440 505 1592 6514 1936 3502 3827 10642 1480 23119 24976 2035 1030 456 1268 1297 1120 1855 10187 1657 622 488 422 562 396 392 718 1205 1631 424 1759 446 875 527 3166 1218 468 473 579 1628 849 2005 3409 1101 1079 501 1917 1210 2402 1968 15386 6931 2183 2275 1329 1302 469 1317 1127 3863 3646 519 1428 462 602 569 1950 6821 1077 2642 1394 20957 1766 25318 11975 2240 1179 592 1499 1874 1978 2992 11180 8706 1491 1463 1175 1505 644 1147 1653 16664 23637 1814 11275 1685 3356 1855 14008 16597 1505 1878 1950 25547 3254 12869 14223 18790 9882 2439 11392 10950 15487 11704 198322
Apuleia3.pgm 1280 1040 8 57268 9496 10881 7112 7121 1536 6747 9153 13622 7166 2474 8017 2325 1178 2706 16576 13471 2619 3469 3332 7053 1184 9040 17512 5606 2018 870 2322 1982 975 2156 19036 7327 1955 2073 1276 2275 503 1943 1423 7102 13164 2599 21877 1829 1569 3213 25741 2354 448 549 421 1863 391 1297 1596 1988 1279 443 1773 1191 1079 1283 11030 11566 2515 4887 2237 2007 424 2090 1319 3323 3408 1034 2752 565 434 532 1664 2491 406 920 451 2597 396 2525 1494 885 422 318 569 414 412 552 2199 6919 1386 2182 1266 1959 389 1474 1024 8860 25122 2566 27063 1239 1871 1537 12461 2505 393 492 480 3105 477 1496 1606 2191 1939 553 3077 1303 1842 1507 11121 9630 3071 2511 2015 1860 563 1499 1431 2716 1929 442 1056 441 391 376 1360 7278 1846 3314 3476 13598 1557 24969 26084 2022 978 442 1241 1319 1017 1718 10352 1608 628 461 431 536 360 404 601 1297 1757 411 1668 427 785 460 2920 1224 389 404 533 1858 747 1992 3219 986 1159 496 1783 1213 2324 1789 14529 7416 2128 2285 1316 1353 382 1351 997 3237 3371 469 1421 413 481 485 1582 7845 1014 2866 1366 23435 1733 28657 11929 2331 1108 618 1449 2010 1750 3122 10748 9136 1543 1229 1065 1532 637 1036 1483 17005 24265 1519 11663 1474 3399 1551 13157 16554 1316 1708 1663 26449 3184 13475 13448 19450 10457 2398 11068 11883 15068 11814 192276
